1 7601.56
2 8324.22
3 8559.9
4 8677.73
5 8748.44
6 8796.88
7 8830.36
8 8855.47
9 8875
10 8890.62
11 8904.12
12 8914.71
13 8923.68
14 8931.36
15 8938.02
16 8944.34
17 8949.45
18 8954.43
19 8958.47
20 8962.11
21 8965.4
22 8968.39
23 8971.47
24 8973.96
25 8976.25
26 8978.37
27 8980.61
28 8982.42
29 8984.11
30 8985.94
31 8987.4
32 8988.77
33 8990.06
34 8991.5
35 8992.63
36 8993.71
37 8994.72
38 8995.68
39 8996.79
40 8997.66
41 8998.48
42 8999.26
43 9000.18
44 9000.89
45 9001.56
46 9002.38
47 9002.99
48 9003.58
49 9004.15
50 9004.69
51 9005.36
52 9005.86
53 9006.34
54 9006.94
55 9007.39
56 9007.81
57 9008.22
58 9008.76
59 9009.14
60 9009.51
