1 7601.56
2 8324.22
3 8559.9
4 8677.73
5 8748.44
6 8796.88
7 8830.36
8 8855.47
9 8875
10 8890.62
11 8904.12
12 8914.71
13 8924.28
14 8931.92
15 8938.54
16 8944.34
17 8949.91
18 8954.43
19 8958.47
20 8962.11
21 8965.4
22 8968.75
23 8971.47
24 8973.96
25 8976.56
26 8978.67
27 8980.61
28 8982.7
29 8984.38
30 8985.94
31 8987.4
32 8988.77
33 8990.29
34 8991.5
35 8992.63
36 8993.71
37 8994.93
38 8995.89
39 8996.79
40 8997.85
41 8998.67
42 8999.44
43 9000.18
44 9001.07
45 9001.74
46 9002.38
47 9002.99
48 9003.74
49 9004.3
50 9004.84
51 9005.51
52 9006.01
53 9006.49
54 9006.94
55 9007.39
56 9007.95
57 9008.36
58 9008.76
59 9009.14
60 9009.64
