1 7601.56
2 8324.22
3 8541.67
4 8664.06
5 8737.5
6 8786.46
7 8821.43
8 8848.63
9 8868.92
10 8885.16
11 8898.44
12 8909.51
13 8919.47
14 8922.99
15 8928.65
16 8865.23
17 8388.33
18 8288.19
19 8335.94
20 8300.78
21 8259.67
22 8296.88
23 8330.84
24 8361.65
25 8390
26 8416.47
27 8441.55
28 8458.71
29 8458.78
30 8454.43
31 8394.91
32 8367.19
33 8337.59
34 8304.46
35 8273.21
36 8250.43
37 8239.44
38 8242.39
39 8258.01
40 8227.73
41 8240.85
42 8254.46
43 8264.17
44 8273.44
45 8284.03
46 8296.54
47 8312.17
48 8327.31
49 8341.68
50 8354.38
51 8358.3
52 8319.41
53 8315.89
54 8303.82
55 8293.89
56 8302.32
57 8313.19
58 8311.56
59 8323.89
60 8336.59
