1 7601.56
2 8324.22
3 8263.02
4 8457.03
5 8570.31
6 8647.14
7 8703.12
8 8744.14
9 8776.91
10 8802.34
11 8823.15
12 8840.49
13 8855.77
14 8797.99
15 8805.21
16 8669.92
17 8496.32
18 8081.6
19 7811.27
20 7746.48
21 7765.25
22 7727.63
23 7711.96
24 7706.05
25 7700.62
26 7683.59
27 7662.33
28 7633.37
29 7680.77
30 7682.55
31 7701.11
32 7744.14
33 7784.56
34 7822.84
35 7858.71
36 7892.58
37 7923.99
38 7953.95
39 7958.93
40 7959.18
41 7980.18
42 8005.58
43 8029.61
44 8052.56
45 8074.48
46 8095.62
47 8115.53
48 8134.6
49 8152.9
50 8142.66
51 8130.51
52 8140.32
53 8145.93
54 8163.05
55 8179.55
56 8185.13
57 8200.11
58 8209.73
59 8200.34
60 8182.03
