1 7601.56
2 5414.06
3 5312.5
4 6232.42
5 6798.44
6 7177.08
7 7447.54
8 7646.48
9 7757.81
10 7885.94
11 7938.21
12 8034.51
13 8114.78
14 8184.15
15 8244.27
16 8295.9
17 8339.61
18 8361.11
19 8399.67
20 8433.59
21 8463.91
22 8491.83
23 8516.98
24 8534.51
25 8526.88
26 8546.88
27 8549.77
28 8562.78
29 8487.34
30 8424.22
31 8359.63
32 8292.97
33 8276.75
34 8258.73
35 8272.77
36 8284.94
37 8297.09
38 8282.07
39 8289.26
40 8303.52
41 8310.98
42 8328.87
43 8335.94
44 8350.85
45 8363.37
46 8348.34
47 8348.74
48 8355.96
49 8350.45
50 8364.53
51 8378.22
52 8388.07
53 8400.8
54 8398
55 8388.78
56 8399
57 8393.5
58 8404.9
59 8416.05
60 8426.56
