1 7601.56
2 8039.06
3 8138.02
4 7792.97
5 7812.5
6 7785.16
7 7764.51
8 7875.98
9 7966.15
10 8057.81
11 7990.06
12 7859.38
13 7825.12
14 7759.49
15 7705.73
16 7702.15
17 7770.22
18 7759.55
19 7709.29
20 7678.52
21 7675.97
22 7656.61
23 7660.33
24 7710.29
25 7752.19
26 7784.56
27 7809.03
28 7797.15
29 7841.86
30 7883.85
31 7923.14
32 7959.96
33 7993.37
34 8025.05
35 8053.57
36 8073.13
37 8093.96
38 8119.65
39 8133.41
40 8154.88
41 8161.39
42 8158.3
43 8167.33
44 8183.24
45 8184.72
46 8203.97
47 8214.59
48 8231.45
49 8244.26
50 8242.66
51 8234.68
52 8246.84
53 8241.45
54 8254.63
55 8269.32
56 8280.55
57 8291.8
58 8287.04
59 8282.97
60 8284.24
